-12.7
-10.0
-112.3
-10.0
-16.4
-9.2
-55.0
-60.0
-62.0
-386.3
-21.0
-72.0
-9.8
-5.0
-192.8
-10.2
-31.8
-42.8
-10.0
-24.9
-130.6
-32.6
-10.0
-31.3
-9.6
-9.9
-9.3
-26.0
-10.0
-52.0
-83.3
-44.8
-10.0
-195.0
-8.6
-20.0
-215.0
-7.2
-33.0
-546.0
-39.0
-16.1
-20.6
-10.0
-17.0
-10.0
-56.1
-10.0
-10.0
-9.2
-10.3
-18.0
-100.0
-624.0
-598.1
-9.7
-150.0
-174.1
-92.0
-37.4
-30.0
-17.8
-7.6
-11.4
-30.0
-10.0
-44.9
-18.0
-15.0
-15.0
-39.0
-10.0
-7.0
-10.1
-58.7
-17.0
-602.2
-166.9
-8.0
-14.0
-11.0
-17.6
-212.9
-8.9
-15.0
-3.9
-11.0
-10.0
-15.0
-10.0
-10.0
-35.0
-351.0
-63.8
-10.0
-18.0
-30.0
-44.0
-421.9
-18.0
-11.0
-108.1
-65.3
-14.0
-15.0
-15.2
-110.0
-10.0
-10.0
-50.5
-8.8
-50.4
-56.2
-13.0
-80.0
-7.0
-31.0
-280.2
-14.0
-21.4
-11.5
-3.5
-15.0
-12.0
-9.9
-66.0
-562.8
-24.3
-563.3
-9.0
-16.8
-14.0
-10.0
-10.0
-9.0
-20.0
-15.0
-34.5
-10.0
-19.0
-189.0
-10.0
-8.0
-11.7
-20.0
-21.8
-5.0
-10.0
-14.2
-28.0
-60.0
-8.0
-39.0
-236.5
-15.2
-12.0
-22.0
-190.4
-29.0
-33.0
-153.2
-39.0
-41.0
-18.0
-624.7
-10.0
-10.0
-10.0
-10.0
-10.0
-20.0
-12.0
-575.2
-35.0
-18.0
-6.0
-47.0
-20.0
-50.0
-35.0
-10.0
-10.0
-10.0
-207.1
-105.0
-74.0
-11.0
-19.8
-9.2
-517.8
-10.0
-10.0
-27.9
-11.0
-122.0
-10.0
-10.0
-18.0
-145.0
-10.0
-9.0
-10.0
-21.0
-10.0
-12.0
-6.0
-14.0
-10.0
-11.0
-11.0
-18.0
-8.0
-24.5
-13.7
-10.0
-14.0
-10.0
-10.0
-10.0
-10.0
-10.5
-10.0
-8.8
-10.0
-24.0
-11.0
-10.0
-16.0
-6.0
-40.8
-107.0
-22.2
-10.0
-10.0
-15.0
-10.0
-44.1
-22.0
-13.4
-10.0
-10.0
-9.0
-10.0
-45.0
-15.0
-19.0
-11.5
-7.4
-12.0
-10.0
-12.0
-8.0
-10.0
-4.0
-10.0
-38.0
-10.0
-93.0
-10.0
-12.8
-35.0
-6.0
-10.0
-26.0
-117.4
-55.6
-4.0
-10.0
-112.1
-14.2
-10.0
-15.2
-134.4
-200.7
-10.0
-10.0
-44.2
-68.0
-52.0
-26.0
-10.0
-11.1
-13.0
-10.0
-10.0
-30.0
-155.0
-63.2
-10.0
-139.8
-163.0
-32.0
-31.0
-30.6
-14.4
-62.2
-10.0
-32.0
-200.2
-10.0
-257.1
-541.2
-50.3
-118.3
-192.0
-11.2
-10.0
-516.6
-18.0
-13.0
-10.0
-123.2
-29.0
-10.0
-28.1
-53.0
-10.0
-35.0
-63.0
-40.9
-24.4
-22.3
-9.0
-9.0
-557.8
-501.7
-20.0
-28.4
-6.0
-13.7
-129.0
-13.7
-118.4
-35.0
-24.0
-10.0
-10.0
-10.0
-10.0
-35.0
-17.4
-25.0
-19.1
-137.7
-141.5
-10.0
-37.0
-9.1
-275.3
-35.0
-142.1
-558.6
-9.0
-35.0
-10.0
-10.0
-10.0
-9.0
-14.0
-597.7
-55.7
-17.0
-123.1
-10.0
-436.0
-36.0
-10.0
-36.0
-10.0
-7.5
-326.0
-110.5
-81.0
-82.3
-21.0
-10.0
-35.0
-37.0
-13.0
-81.8
-10.0
-10.0
-20.0
-35.0
-10.0
-14.0
-122.0
-40.4
-10.0
-41.4
-10.0
-10.0
-9.0
-18.3
-15.0
-10.0
-170.0
-10.0
-16.0
-10.0
-121.7
-10.0
-6.4
-11.0
-570.4
-85.0
-10.0
-10.0
-19.0
-10.0
-8.0
-14.0
-115.8
-31.0
-35.0
-21.0
-5.0
-10.0
-10.0
-41.6
-35.0
-27.0
-10.0
-14.0
-12.0
-256.7
-40.3
-28.0
-14.0
-10.0
-47.4
-103.1
-35.0
-28.0
-9.0
-91.1
-10.0
-54.5
-38.0
-10.0
-16.0
-15.1
-73.0
-10.0
-15.0
-10.0
-31.4
-10.0
-10.0
-10.0
-10.0
-583.2
-15.6
-10.0
-13.0
-12.0
-11.0
-13.0
-10.0
-13.0
-484.3
-20.0
-39.4
-46.0
-144.6
-65.0
-18.0
-502.3
-75.3
-41.0
-32.8
-10.0
-20.0
-20.0
-22.0
-20.3
-10.0
-11.8
-625.3
-10.0
-19.0
-14.8
-98.4
-536.9
-10.0
-13.1
-85.9
-10.0
-10.4
-198.0
-12.0
-14.3
-89.5
-10.0
-39.2
-55.8
-20.0
-35.0
-160.1
-229.8
-92.0
-39.7
-58.0
-92.1
-18.0
-10.0
-10.0
-132.6
-10.0
-10.0
-95.0
-14.0
-13.6
-542.8
-11.9
-14.0
-36.0
-50.8
-28.0
-41.4
-61.4
-16.0
-35.0
-70.0
-48.6
-110.0
-266.0
-8.0
-24.3
-15.0
-10.0
-50.0
-7.0
-7.0
-10.0
-527.0
-25.0
-12.0
-53.2
-6.8
-10.2
-602.0
-10.3
-210.7
-580.6
-586.9
-487.4
-10.0
-6.6
-10.0
-46.0
-10.0
-10.0
-11.0
-6.3
-10.0
-28.0
-10.0
-136.6
-105.9
-12.0
-10.0
-10.0
-12.0
-11.0
-54.4
-8.5
-10.0
-10.0
-10.0
-14.0
-51.1
-356.1
-10.0
-37.0
-44.0
-14.1
-35.0
-134.7
-9.0
-54.3
-10.0
-14.1
-10.0
-31.0
-48.0
-114.0
-12.2
-17.4
-10.0
-16.0
-28.0
-21.9
-24.6
-12.0
-198.0
-29.0
-29.0
-13.0
-25.0
-11.0
-62.7
-90.3
-15.0
-11.0
-25.1
-13.0
-9.0
-10.0
-20.0
-6.6
-8.0
-25.1
-20.0
-10.0
-13.6
-108.5
-9.0
-117.9
-48.0
-10.0
-25.2
-10.0
-15.0
-10.0
-10.0
-10.0
-40.7
-10.0
-10.0
-116.9
-118.0
-20.0
-66.0
-27.9
-11.8
-10.0
-18.0
-103.8
-28.0
-10.0
-10.0
-12.0
-49.0
-110.4
-11.0
-10.0
-16.0
-38.0
-53.8
-37.3
-553.9
-14.0
-9.0
-14.0
-26.2
-504.2
-601.5
-592.6
-12.0
-10.0
-10.0
-28.0
-10.0
-19.0
-10.0
-10.0
-11.0
-51.0
-28.0
-30.2
-28.2
-16.0
-19.0
-20.2
-15.0
-582.3
-10.0
-10.0
-15.0
-9.0
-10.0
-11.0
-8.0
-145.0
-10.0
-14.6
-12.0
-8.0
-25.2
-8.0
-23.0
-38.6
-51.3
-43.0
-25.3
-21.0
-10.0
-55.3
-35.0
-7.6
-580.3
-20.0
-10.0
-13.0
-45.0
-126.3
-20.0
-12.0
-19.1
-34.3
-32.9
-20.0
-10.0
-10.0
-8.0
-17.0
-10.0
-10.0
-16.0
-19.0
-28.0
-10.0
-10.0
-39.8
-35.0
-365.3
-10.0
-15.0
-44.6
-90.0
-10.0
-6.9
-9.7
-10.0
-113.0
-10.0
-10.0
-10.0
-34.8
-32.0
-21.0
-140.9
-10.0
-161.0
-7.0
-116.0
-555.5
-54.2
-392.2
-20.0
-28.5
-19.2
-10.0
-75.0
-10.0
-17.0
-171.8
-9.0
-10.0
-25.0
-616.5
-38.0
-34.0
-10.0
-549.9
-113.7
-10.0
-214.9
-12.0
-38.5
-10.0
-30.4
-34.0
-10.0
-26.6
-12.0
-276.2
-166.0
-17.0
-10.0
-10.0
-10.5
-5.0
-224.9
-177.0
-5.5
-212.1
-23.2
-5.2
-33.0
-35.0
-134.1
-10.0
-10.0
-28.0
-159.0
-10.0
-47.1
-36.0
-224.2
-10.0
-24.0
-35.0
-602.9
-14.0
-38.0
-5.0
-16.0
-33.0
-187.0
-26.0
-147.7
-12.0
-37.0
-20.6
-39.0
-27.2
-46.0
-10.0
-10.0
-6.0
-10.1
-36.0
-118.6
-15.0
-20.0
-10.0
-455.9
-10.0
-10.0
-10.0
-10.0
-5.0
-10.0
-9.0
-31.0
-50.0
-10.0
-31.3
-30.0
-37.7
-40.7
-18.0
-35.0
-35.0
-106.4
-644.6
-378.4
-28.0
-10.0
-15.0
-13.0
-37.0
-10.0
-14.0
-29.0
-22.0
-10.0
-252.1
-91.0
-24.7
-37.0
-37.0
-185.1
-13.7
-12.0
-84.0
-85.0
-578.9
-32.0
-39.0
-10.0
-35.9
-469.8
-202.3
-10.0
-508.7
-35.0
-158.6
-13.0
-147.0
-6.0
-29.0
-12.0
-10.0
-10.0
-40.0
-130.4
-35.2
-35.0
-28.0
-35.0
-32.0
-10.0
-10.0
-47.0
-407.9
-9.0
-32.8
-44.3
-186.4
-26.0
-177.2
-10.0
-6.0
-10.0
-218.8
-44.0
-10.0
-37.8
-496.8
-10.0
-37.0
-23.2
-403.4
-31.9
-10.0
-36.0
-35.0
-10.0
-528.9
-41.2
-13.0
-40.0
-10.0
-10.0
-38.0
-122.4
-532.0
-35.0
-30.9
-6.0
-12.0
-10.0
-33.0
-35.0
-46.0
-10.0
-40.0
-14.0
-22.8
-41.0
-103.4
-612.1
-10.0
-21.0
-20.0
-566.2
-19.0
-494.0
-36.0
-246.4
-249.0
-6.0
-20.0
-10.0
-88.7
-10.0
-10.0
-131.4
-10.0
-19.0
-10.0
-21.1
-35.0
-12.5
-11.0
-10.0
-23.0
-15.2
-14.0
-19.0
-10.0
-16.0
-21.0
-10.0
-35.0
-30.8
-10.0
-12.0
-17.0
-10.0
-24.8
-152.3
-36.0
-35.0
-22.0
-35.0
-35.0
-35.0
-19.7
-30.0
-29.0
-15.2
-119.7
-17.0
-99.4
-527.9
-72.1
-52.0
-33.0
-42.7
-14.0
-207.1
-128.0
-10.0
-10.0
-10.0
-32.0
-20.0
-10.0
-16.0
-10.0
-14.0
-22.0
-17.0
-61.1
-6.1
-10.0
-30.7
-511.4
-145.7
-10.0
-12.6
-3.0
-45.0
-14.0
-21.0
-13.0
-85.2
-306.6
-307.4
-32.0
-137.6
-16.0
-148.6
-28.6
-37.0
-34.0
-48.0
-7.0
-29.0
-7.0
-52.9
-14.2
-10.0
-28.0
-35.0
-40.0
-10.0
-207.3
-35.0
-72.8
-12.6
-10.0
-10.0
-5.8
-10.0
-10.0
-544.6
-10.0
-10.0
-11.0
-11.0
-28.8
-9.0
-35.0
-82.0
-36.0
-184.7
-11.0
-39.0
-24.0
-26.0
-583.6
-28.0
-10.0
-46.0
-12.0
-8.0
-10.0
-38.0
-11.0
-10.0
-95.4
-8.0
-10.0
-9.9
-10.0
-31.0
-79.0
-22.3
-55.6
-43.0
-11.0
-10.0
-15.6
-86.0
-556.7
-15.1
-77.0
-131.0
-216.3
-17.0
-22.0
-10.0
-18.5
-22.0
-45.0
-11.0
-15.0
-17.1
-12.0
-10.0
-11.0
-11.0
-7.0
-42.0
-166.2
-20.0
-20.0
-11.0
-552.4
-14.0
-551.7
-110.0
-20.5
-59.9
-41.0
-42.0
-15.5
-11.0
-15.0
-19.0
-35.0
-6.0
-39.0
-10.0
-8.0
-27.0
-18.0
-19.0
-20.0
-5.0
-45.0
-10.0
-30.9
-13.0
-31.0
-11.0
-20.0
-101.8
-190.2
-321.0
-42.0
-27.0
-57.1
-6.0
-15.0
-41.6
-6.4
-29.0
-35.8
-10.0
-16.5
-29.0
-17.0
-32.7
-36.0
-10.0
-19.4
-18.0
-9.0
-28.0
-35.3
-8.0
-20.3
-14.0
-11.0
-9.6
-17.0
-33.0
-13.0
-10.1
-8.0
-15.0
-16.0
-10.0
-35.0
-35.0
-17.6
-12.6
-38.0
-34.1
-27.0
-10.0
-53.7
-25.5
-16.7
-14.6
-20.0
-22.3
-14.0
-17.4
-10.0
-27.1
-9.3
-18.6
-30.2
-42.6
-29.0
-10.0
-10.0
-510.6
-17.4
-10.0
-29.0
-15.0
-23.0
-23.8
-22.0
-32.0
-22.0
-87.7
-118.0
-10.0
-49.7
-44.2
-10.0
-9.8
-10.0
-10.0
-53.0
-31.5
-49.2
-122.7
-41.0
-112.8
-6.6
-5.9
-5.9
-69.8
-558.1
-12.7
-33.0
-57.7
-22.3
-48.9
-16.2
-25.0
-21.0
-18.9
-17.0
-20.7
-85.0
-35.0
-10.0
-10.0
-16.0
-25.0
-15.0
-26.0
-525.0
-523.2
-10.0
-415.0
-7.0
-28.9
-10.0
-85.0
-10.0
-35.0
-21.8
-76.0
-321.2
-10.0
-15.0
-158.1
-10.0
-82.9
-16.0
-148.5
-23.0
-110.0
-16.2
-236.1
-24.0
-68.0
-21.0
-36.0
-10.0
-198.8
-17.0
-198.5
-10.0
-9.0
-35.0
-512.0
-221.8
-86.6
-24.4
-228.9
-10.0
-18.0
-10.0
-22.0
-56.7
-17.0
-10.0
-112.2
-21.4
-10.0
-24.0
-21.6
-576.8
-10.0
-10.0
-56.8
-16.0
-551.0
-10.0
-10.0
-10.0
-13.0
-10.0
-16.0
-4.0
-206.8
-18.0
-18.0
-10.0
-14.0
-21.0
-54.6
-12.0
-72.3
-10.0
-30.7
-14.0
-154.9
-134.9
-42.8
-135.8
-35.0
-601.2
-10.0
-171.9
-10.0
-53.1
-29.4
-13.0
-14.0
-10.0
-10.0
-22.0
-12.7
-33.0
-15.2
-160.1
-40.0
-27.0
-485.0
-66.2
-10.0
-21.7
-17.2
-73.0
-15.7
-10.0
-51.1
-22.8
-215.8
-19.7
-14.8
-21.0
-14.9
-13.9
-163.3
-57.0
-40.0
-10.0
-31.6
-15.3
-120.2
-30.5
-53.7
-33.1
-24.6
-13.1
-50.6
-356.4
-46.1
-171.7
-17.9
-18.2
-10.0
-51.5
-10.0
-10.0
-24.8
-22.6
-20.0
-40.8
-31.9
-10.0
-54.9
-130.9
-13.9
-36.6
-9.2
-10.0
-10.0
-10.0
-15.2
-24.1
-17.5
-47.3
-18.8
-19.1
-33.3
-93.9
-140.8
-33.3
-32.4
-24.4
-86.7
-32.8
-26.1
-10.0
-248.7
-18.7
-28.1
-20.0
-27.0
-20.2
-20.5
-12.8
-7.0
-21.3
-229.1
-20.4
-93.1
-87.4
-151.8
-43.0
-173.2
-49.1
-215.4
-85.4
-31.7
-5.0
-176.2
-60.9
-17.9
-17.3
-18.6
-35.0
-50.0
-18.9
-10.0
-14.7
-32.9
-28.5
-18.9
-216.9
-531.3
-35.0
-64.9
-45.8
-4.0
-45.8
-17.6
-48.4
-31.7
-30.0
-12.5
-30.0
-122.3
-17.9
-36.5
-10.0
-33.2
-23.5
-63.1
-18.3
-600.8
-14.7
-180.8
-593.7
-44.7
-28.4
-18.0
-40.4
-21.6
-10.0
-16.4
-12.8
-206.5
-27.0
-29.7
-41.5
-32.3
-196.1
-33.5
-33.2
-595.0
-24.3
-32.0
-46.0
-33.3
-31.1
-219.7
-15.7
-30.5
-50.6
-10.0
-15.3
-19.4
-63.3
-10.0
-30.3
-615.8
-20.3
-379.1
-192.8
-43.8
-134.1
-10.0
-564.7
-633.7
-584.7
-610.2
-38.1
-111.9
-48.8
-42.3
-14.4
-41.1
-18.9
-16.4
-15.4
-35.6
-43.1
-45.8
-21.5
-15.2
-51.1
-30.6
-55.3
-25.7
-22.6
-109.4
-39.9
-16.9
-142.1
-505.5
-7.0
-49.1
-30.1
-29.2
-34.4
-35.0
-27.8
-572.8
-41.9
-22.8
-38.2
-23.3
-28.5
-29.8
-88.0
-40.3
-50.8
-32.2
-571.7
-13.5
-30.1
-43.7
-211.2
-20.6
-22.1
-24.3
-44.5
-5.3
-27.3
-31.4
-30.8
-28.4
-14.1
-46.4
-15.6
-62.4
-18.6
-12.4
-38.1
-50.8
-135.8
-40.2
-28.4
-131.6
-34.3
-16.4
-34.3
-33.2
-34.7
-12.0
-15.4
-10.0
-582.1
-102.6
-10.0
-29.5
-15.0
-10.0
-10.0
-10.0
-13.0
-129.0
-113.6
-146.1
-40.3
-42.3
-33.3
-25.5
-11.4
-119.9
-10.0
-46.8
-60.3
-26.3
-12.0
-22.0
-22.9
-17.3
-89.6
-30.3
-16.0
-13.3
-17.6
-12.7
-15.1
-23.2
-26.0
-38.7
-40.7
-36.2
-14.1
-62.7
-29.1
-65.9
-43.0
-12.0
-30.3
-23.0
-43.4
-28.8
-10.0
-12.2
-13.8
-108.6
-19.5
-619.6
-54.3
-33.7
-272.7
-44.9
-10.0
-117.5
-33.6
-33.4
-106.2
-28.1
-5.2
-24.0
-34.3
-10.0
-38.5
-29.6
-23.8
-27.4
-10.0
-41.4
-127.5
-24.6
-13.8
-10.9
-44.4
-25.0
-19.5
-418.9
-28.7
-168.5
-35.0
-17.4
-27.0
-18.6
-35.0
-10.0
-10.0
-15.0
-32.5
-40.1
-63.6
-34.5
-78.4
-32.8
-21.5
-107.2
-20.5
-16.2
-24.4
-19.3
-307.5
-34.2
-35.4
-35.0
-446.9
-10.6
-12.2
-26.2
-17.9
-49.8
-95.1
-24.2
-21.8
-34.3
-108.4
-189.6
-30.3
-27.0
-35.6
-27.0
-19.0
-27.0
-32.8
-25.0
-32.9
-41.6
-33.0
-99.1
-40.4
-16.0
-19.0
-25.0
-31.8
-35.0
-28.1
-24.2
-109.6
-10.0
-50.2
-30.0
-28.0
-39.4
-33.3
-34.8
-87.3
-16.0
-573.7
-39.5
-134.7
-16.4
-169.6
-26.6
-59.3
-10.0
-57.8
-15.0
-33.2
-531.9
-545.5
-221.7
-23.0
-30.3
-44.3
-16.0
-19.6
-28.0
-42.6
-10.0
-10.0
-10.0
-33.9
-189.6
-29.8
-12.6
-147.2
-34.7
-43.3
-19.8
-31.8
-10.0
-59.0
-34.8
-10.3
-12.0
-49.0
-16.6
-7.7
-8.0
-63.3
-34.8
-10.0
-33.2
-18.7
-69.0
-12.8
-130.7
-17.2
-53.1
-34.4
-20.3
-17.0
-6.0
-14.7
-6.0
-6.0
-15.0
-20.6
-31.7
-15.5
-10.0
-201.5
-10.0
-13.3
-33.2
-24.7
-10.0
-28.5
-20.7
-29.8
-17.8
-113.5
-57.2
-24.0
-10.0
-10.0
-32.0
-7.4
-46.5
-115.7
-27.9
-10.0
-64.9
-58.3
-26.0
-57.0
-395.7
-357.7
-525.1
-22.6
-14.0
-50.1
-19.0
-39.4
-15.1
-14.9
-34.5
-25.7
-70.1
-45.5
-19.9
-15.6
-14.0
-653.2
-25.5
-10.0
-86.6
-10.0
-10.4
-15.0
-10.0
-33.0
-34.5
-61.1
-63.0
-66.8
-19.5
-38.7
-48.5
-18.4
-41.5
-49.6
-434.9
-35.7
-526.8
-13.9
-16.7
-8.7
-214.3
-21.6
-612.0
-36.0
-581.5
-26.1
-22.7
-142.6
-591.3
-15.8
-16.8
-32.1
-178.8
-21.4
-14.7
-24.2
-11.8
-15.3
-111.6
-20.4
-13.9
-102.3
-137.5
-33.9
-213.9
-17.7
-14.6
-15.9
-126.5
-413.0
-21.6
-140.3
-31.1
-38.5
-188.6
-21.3
-14.4
-34.7
-147.9
-28.0
-63.4
-14.0
-54.6
-15.6
-10.0
-110.0
-24.2
-12.3
-14.1
-42.3
-41.7
-16.7
-33.6
-56.9
-14.1
-16.1
-34.5
-133.5
-15.7
-38.0
-44.6
-27.9
-31.2
-17.4
-33.9
-79.5
-17.7
-37.0
-40.1
-32.9
-40.0
-59.0
-34.1
-33.7
-586.8
-15.0
-139.7
-51.6
-26.4
-32.0
-635.0
-15.5
-35.8
-24.6
-14.1
-32.2
-14.1
-84.8
-15.4
-14.7
-21.4
-257.3
-90.2
-18.5
-14.6
-132.4
-30.2
-17.3
-82.9
-53.8
-86.2
-16.1
-15.9
-77.5
-22.0
-100.0
-26.3
-27.7
-10.0
-19.6
-40.6
-10.0
-58.7
-113.7
-27.4
-14.6
-32.1
-7.9
-208.6
-104.3
-167.2
-262.4
-57.8
-11.5
-14.3
-12.1
-640.1
-59.3
-29.2
-9.5
-24.2
-276.6
-52.1
-34.3
-25.2
-17.8
-21.8
-625.7
-39.0
-40.1
-609.4
-61.2
-35.0
-17.7
-6.1
-38.9
-10.0
-61.8
-99.2
-43.0
-102.2
-30.7
-30.5
-40.3
-302.2
-82.3
-610.3
-14.5
-12.5
-14.3
-31.1
-10.0
-7.8
-38.6
-10.0
-11.0
-17.1
-41.7
-136.5
-16.0
-65.0
-32.0
-34.2
-14.9
-40.0
-13.3
-33.0
-61.6
-23.3
-19.9
-21.9
-20.9
-175.7
-24.4
-77.1
-198.7
-44.5
-13.9
-16.0
-15.2
-14.2
-16.9
-25.9
-58.6
-48.6
-17.0
-33.5
-13.7
-30.1
-10.0
-64.9
-64.1
-47.6
-45.0
-63.5
-118.7
-39.5
-43.1
-16.0
-47.4
-29.5
-50.4
-110.4
-16.0
-10.0
-54.7
-607.9
-585.9
-14.6
-36.6
-34.3
-10.0
-34.0
-11.6
-20.5
-13.4
-15.2
-10.0
-34.8
-34.9
-0.0
-34.6
-19.0
-161.5
-27.2
-10.0
-29.0
-35.0
-10.0
-18.0
-15.7
-8.6
-559.6
-62.6
-49.9
-15.5
-24.7
-16.0
-74.2
-15.2
-20.0
-32.5
-88.3
-72.0
-13.9
-35.1
-99.5
-6.0
-10.0
-113.9
-23.0
-30.7
-18.7
-31.7
-144.6
-66.3
-72.8
-35.7
-157.2
-39.8
-20.2
-48.2
-33.6
-50.8
-568.8
-64.2
-54.5
-28.7
-33.3
-17.6
-44.6
-27.8
-20.8
-16.4
-13.3
-549.2
-10.0
-15.7
-40.3
-83.8
-14.1
-13.8
-29.8
-107.0
-34.6
-10.0
-68.9
-155.5
-29.2
-33.6
-16.8
-191.0
-28.2
-31.0
-17.0
-99.0
-152.0
-7.8
-15.8
-53.3
-49.0
-15.4
-620.0
-30.9
-31.3
-25.0
-34.0
-10.0
-34.4
-212.4
-9.2
-10.7
-10.0
-14.5
-18.4
-43.0
-14.2
-19.0
-14.4
-538.4
-20.3
-173.0
-15.0
-101.0
-138.0
-39.3
-14.4
-34.8
-31.6
-18.3
-40.1
-23.9
-21.0
-522.2
-28.2
-10.5
-11.0
-30.9
-13.2
-30.2
-45.1
-38.5
-31.1
-40.0
-32.6
-45.0
-33.1
-35.5
-30.2
-32.5
-33.7
-24.2
-21.6
-17.7
-20.7
-55.1
-33.9
-35.0
-105.0
-34.7
-610.0
-14.3
-58.6
-28.0
-14.3
-593.0
-31.3
-32.9
-595.0
-100.0
-667.0
-37.0
-149.5
-48.0
-29.3
-144.0
-16.7
-36.9
-16.3
-31.5
-174.5
-41.9
-31.1
-89.0
-33.0
-22.2
-15.7
-12.9
-10.7
-22.7
-661.9
-33.6
-19.1
-194.6
-33.7
-33.6
-34.4
-209.0
-31.1
-10.0
-17.8
-42.3
-10.0
-30.7
-158.6
-10.0
-10.0
-209.3
-26.4
-6.9
-52.3
-3.8
-10.0
-45.7
-70.4
-0.1
-37.1
-10.0
-41.2
-24.2
-546.0
-531.6
-10.0
-42.0
-0.1
-141.0
-29.9
-65.4
-10.0
-599.2
-226.8
-62.4
-26.1
-10.0
-10.0
-10.0
-406.3
-34.6
-32.1
-117.3
-26.4
-130.9
-41.5
-377.1
-21.2
-42.2
-0.6
-19.9
-38.5
-5.1
-505.3
-44.2
-173.7
-10.0
-8.0
-48.0
-46.1
-26.1
-10.0
-123.4
-598.2
-44.6
-40.1
-16.3
-325.2
-28.1
-17.2
-72.2
-10.0
-86.6
-0.1
-138.8
-140.8
-30.7
-35.0
-10.0
-10.0
-10.0
-3.7
-190.1
-211.3
-371.8
-31.9
-35.0
-50.5
-38.6
-25.2
-18.1
-10.0
-18.0
-2.9
-10.0
-18.8
-19.7
-136.1
-96.8
-211.0
-20.0
-12.3
-129.7
-234.8
-139.6
-102.9
-28.9
-30.7
-84.4
-83.5
-357.8
-25.7
-11.6
-50.1
-16.0
-2.4
-8.3
-6.4
-0.9
-29.0
-10.0
-10.0
-20.6
-10.0
-10.0
-28.4
-16.1
-39.2
-403.9
-35.0
-10.0
-77.7
-23.8
-70.0
-10.0
-10.0
-10.0
-146.1
-21.0
-67.3
-10.0
-39.5
-10.0
-182.5
-32.8
-133.7
-112.8
-9.1
-121.1
-38.9
-97.3
-3.9
-3.1
-12.0
-42.1
-103.3
-14.9
-115.3
-124.7
-43.1
-192.0
-6.9
-147.7
-35.0
-272.3
-570.6
-111.5
-10.0
-170.3
-10.0
-10.0
-11.0
-75.0
-12.0
-12.0
-10.0
-10.0
-16.0
-154.0
-21.7
-12.0
-27.0
-6.0
-10.0
-8.0
-10.0
-9.0
-10.0
-12.1
-10.0
-6.0
-10.0
-10.0
-38.0
-13.0
-13.0
-20.0
-10.0
-10.0
-23.0
-10.0
-12.0
-10.0
-30.7
-6.0
-173.9
-76.9
-10.0
-135.1
-11.0
-136.2
-10.0
-16.2
-11.9
-14.1
-15.6
-40.6
-3.3
-45.3
-5.9
-113.1
-29.5
-485.0
-30.3
-389.2
-25.1
-29.2
-28.3
-10.0
-66.2
-35.0
-10.0
-64.9
-33.6
-17.7
-7.3
-42.1
-122.6
-49.9
-109.6
-44.8
-23.2
-646.1
-45.5
-562.3
-3.4
-10.0
-308.8
-13.3
-35.0
-27.9
-23.4
-27.6
-37.7
-62.8
-27.9
-28.4
-10.5
-22.2
-11.9
-23.6
-608.9
-35.0
-36.8
-10.0
-588.6
-11.6
-10.0
-32.6
-3.3
-49.5
-11.6
-15.8
-10.0
-121.7
-9.8
-10.0
-210.1
-45.8
-46.1
-17.4
-92.1
-4.6
-10.0
-33.2
-10.0
-10.0
-0.5
-13.4
-36.0
-10.0
-70.9
-6.3
-5.8
-19.4
-14.1
-14.0
-10.0
-40.3
-10.0
-100.6
-10.0
-28.2
-51.7
-2.1
-29.2
-14.8
-515.6
-10.0
-51.9
-12.6
-8.6
-37.2
-4.2
-10.0
-16.8
-11.5
-7.6
-41.2
-89.2
-32.2
-40.1
-29.7
-32.6
-35.6
-5.1
-36.5
-404.9
-49.6
-24.4
-34.3
-10.0
-76.5
-10.0
-9.4
-10.0
-3.6
-1.9
-35.8
-42.4
-30.2
-28.2
-39.6
-3.8
-556.2
-20.3
-167.7
-54.2
-26.4
-6.8
-25.9
-24.0
-35.0
-112.3
-10.0
-10.0
-10.0
-24.0
-50.2
-39.4
-11.9
-619.6
-10.5
-32.3
-35.0
-28.8
-25.2
-31.4
-51.2
-9.6
-18.3
-2.8
-32.9
-187.4
-10.0
-60.6
-188.6
-24.3
-10.0
-12.1
-13.5
-14.8
-348.9
-48.9
-9.2
-73.5
-25.2
-15.8
-120.8
-10.8
-138.0
-10.0
-30.8
-35.0
-10.0
-10.0
-23.5
-38.8
-10.0
-35.0
-35.0
-16.0
-39.5
-83.6
-131.4
-120.9
-30.7
-26.0
-34.6
-36.8
-32.4
-29.5
-1.3
-38.8
-10.0
-18.3
-35.3
-42.8
-35.5
-33.3
-33.1
-29.8
-35.0
-0.0
-32.8
-29.9
-32.3
-10.0
-10.5
-17.4
-31.4
-131.8
-10.0
-35.3
-31.5
-17.1
-85.7
-48.7
-10.0
-27.7
-4.1
-323.5
-485.2
-35.0
-41.6
-42.8
-30.1
-101.2
-4.1
-626.1
-28.4
-71.5
-38.3
-10.0
-44.9
-35.0
-15.9
-18.8
-40.6
-35.0
-6.7
-10.0
-50.6
-35.0
-12.8
-641.5
-13.5
-597.0
-55.4
-31.5
-10.0
-10.0
-27.7
-27.4
-54.3
-58.9
-28.7
-83.8
-10.0
-10.0
-10.0
-10.0
-105.4
-70.3
-40.6
-68.3
-47.7
-5.2
-35.6
-41.2
-34.8
-33.0
-27.1
-10.8
-107.6
-36.1
-113.9
-50.1
-32.8
-36.1
-37.9
-10.0
-11.3
-42.2
-25.5
-39.9
-36.2
-57.0
-28.9
-65.1
-181.0
-6.5
-33.3
-30.6
-41.7
-10.0
-10.0
-25.8
-149.8
-43.7
-10.0
-10.0
-10.0
-25.0
-73.4
-40.8
-9.7
-95.7
-41.1
-43.9
-41.9
-147.3
-10.0
-37.1
-47.3
-70.2
-87.5
-40.0
-31.6
-42.8
-35.5
-62.5
-43.5
-96.3
-10.0
-34.6
-32.8
-158.6
-47.4
-77.1
-119.3
-36.1
-13.7
-57.8
-53.2
-36.4
-10.0
-1.1
-558.9
-27.2
-216.4
-22.7
-34.5
-23.9
-123.6
-35.0
-35.0
-31.4
-33.6
-7.0
-50.8
-27.0
-54.0
-22.7
-31.5
-130.6
-10.0
-35.0
-10.0
-10.0
-13.0
-36.6
-55.6
-36.7
-221.9
-10.0
-18.3
-47.7
-32.8
-53.2
-14.2
-102.5
-56.7
-29.9
-33.7
-29.0
-29.4
-48.3
-30.5
-17.4
-4.4
-501.2
-19.1
-2.0
-22.2
-27.5
-32.2
-46.8
-289.0
-55.3
-62.1
-521.3
-19.6
-36.7
-44.5
-32.6
-10.9
-15.6
-18.0
-10.0
-18.5
-16.5
-10.0
-38.2
-32.6
-31.5
-253.5
-15.1
-14.0
-15.9
-24.7
-18.6
-17.0
-14.4
-1.7
-19.9
-10.0
-31.3
-31.8
-102.1
-417.5
-35.4
-26.4
-33.0
-18.3
-38.9
-30.9
-38.4
-38.4
-41.6
-65.5
-33.1
-546.3
-32.9
-24.1
-10.0
-34.5
-50.9
-24.4
-20.0
-24.8
-36.0
-35.5
-10.0
-29.0
-10.0
-58.2
-100.6
-33.0
-37.5
-9.8
-43.5
-37.0
-136.5
-119.0
-35.0
-128.3
-556.1
-124.1
-0.7
-17.1
-23.8
-17.5
-26.3
-89.7
-13.4
-31.5
-33.4
-21.8
-20.8
-42.4
-32.3
-13.8
-22.1
-31.8
-40.5
-9.5
-24.7
-41.2
-18.9
-10.0
-10.0
-43.1
-607.5
-10.0
-295.8
-293.8
-10.2
-50.9
-10.0
-0.7
-28.0
-617.4
-2.1
-8.3
-49.2
-7.9
-53.8
-21.1
-149.5
-17.6
-8.4
-113.3
-16.8
-10.0
-29.5
-10.0
-22.2
-24.3
-568.1
-39.8
-27.7
-10.0
-115.0
-10.0
-10.0
-560.6
-15.5
-35.7
-10.0
-290.6
-633.7
-36.6
-20.3
-15.4
-37.1
-15.7
-28.9
-349.0
-20.3
-7.4
-9.7
-13.3
-23.5
-46.1
-10.0
-152.4
-39.1
-121.9
-10.0
-130.2
-610.1
-131.7
-5.5
-69.9
-112.0
-27.9
-17.9
-18.2
-10.0
-50.1
-0.9
-48.1
-11.0
-23.9
-23.4
-38.7
-27.7
-49.4
-21.3
-10.0
-150.4
-10.0
-44.9
-12.5
-10.0
-106.3
-66.0
-88.2
-10.0
-40.6
-64.5
-22.2
-90.7
-10.0
-41.4
-11.6
-16.3
-122.3
-10.0
-183.5
-17.2
-24.1
-65.0
-134.3
-52.3
-33.7
-181.7
-35.0
-65.4
-4.6
-10.0
-39.4
-32.6
-21.7
-73.6
-1.3
-10.0
-672.2
-52.9
-21.4
-579.1
-550.1
-12.7
-10.0
-651.6
-692.1
-678.6
-53.4
-14.2
-10.0
-218.3
-1.5
-71.9
-123.0
-17.5
-28.1
-10.0
-126.9
-10.0
-47.9
-33.2
-67.8
-32.5
-23.8
-42.7
-407.8
-45.2
-4.9
-11.6
-19.2
-30.4
-120.9
-215.9
-413.9
-17.5
-19.2
-43.8
-10.0
-27.4
-35.4
-10.0
-52.5
-31.0
-37.4
-607.7
-31.2
-9.1
-6.5
-45.2
-10.0
-4.3
-32.4
-41.7
-10.0
-14.5
-16.5
-16.8
-5.8
-0.0
-19.5
-56.7
-7.8
-7.6
-14.7
-25.4
-4.4
-26.9
-213.0
-15.6
-1.2
-1.7
-13.3
-0.0
-49.6
-3.0
-13.0
-18.1
-11.5
-49.1
-15.5
-17.9
-14.5
-9.5
-382.2
-0.1
-27.5
-5.4
-45.0
-102.6
-2.6
-14.8
-14.3
-18.7
-45.9
-11.7
-34.6
-2.5
-36.2
-27.7
-6.4
-606.6
-28.5
-10.0
-17.7
-44.3
-10.0
-23.1
-72.8
-32.9
-10.0
-148.8
-83.4
-10.0
-9.6
-51.7
-45.8
-10.0
-229.5
-147.3
-10.0
-441.4
-4.0
-140.1
-10.0
-47.9
-30.1
-22.5
-10.0
-10.0
-44.5
-10.0
-21.4
-10.0
-56.7
-14.8
-10.0
-31.6
-24.7
-9.9
-16.9
-4.8
-22.7
-30.4
-27.7
-22.3
-28.2
-29.0
-25.0
-479.1
-36.7
-28.1
-34.6
-33.0
-5.6
-10.0
-176.1
-19.0
-30.4
-54.7
-159.6
-0.2
-65.7
-14.6
-16.4
-29.1
-10.0
-10.0
-10.0
-10.0
-10.0
-83.2
-78.7
-60.5
-51.7
-10.0
-15.5
-576.9
-14.4
-12.6
-14.5
-39.6
-62.0
-10.0
-189.3
-13.1
-128.1
-10.0
-20.5
-40.1
-39.8
-59.7
-23.5
-10.0
-141.3
-26.0
-10.0
-10.0
-10.0
-104.9
-67.0
-10.0
-170.6
-10.0
-15.3
-22.5
-43.3
-3.1
-410.5
-18.4
-17.4
-22.3
-10.0
-41.9
-10.0
-8.3
-373.5
-42.6
-10.0
-23.1
-30.2
-6.6
-1.0
-27.5
-520.2
-63.3
-31.0
-569.2
-179.3
-17.0
-31.9
-52.0
-40.1
-10.0
-10.3
-10.0
-215.0
-41.9
-566.8
-403.8
-16.9
-26.8
-10.0
-4.9
-64.7
-62.8
-10.0
-10.0
-139.5
-46.8
-206.1
-10.0
-10.0
-13.8
-0.1
-42.2
-118.7
-42.1
-19.0
-50.0
-14.5
-95.1
-69.5
-41.5
-10.0
-26.9
-10.0
-41.7
-51.1
-30.7
-25.2
-16.6
-18.1
-10.0
-18.5
-10.0
-19.4
-14.7
-7.9
-12.2
-10.0
-29.8
-109.5
-336.2
-25.7
-591.0
-581.9
-42.7
-38.0
-53.5
-19.9
-18.4
-126.6
-115.0
-60.3
-34.4
-204.9
-38.6
-29.7
-219.2
-55.6
-31.1
-282.9
-41.0
-10.0
-19.0
-19.4
-27.2
-27.0
-34.3
-6.7
-138.2
-142.7
-34.2
-39.9
-12.8
-19.9
-5.0
-3.2
-43.8
-38.7
-31.1
-10.0
-34.2
-14.9
-10.0
-15.8
-18.4
-14.0
-105.8
-10.0
-10.0
-169.2
-20.7
-16.4
-14.5
-20.6
-108.3
-10.0
-52.8
-55.4
-360.5
-40.0
-18.0
-35.0
-18.2
-139.1
-583.0
-19.4
-15.9
-17.5
-54.7
-142.0
-25.3
-373.0
-56.1
-40.0
-120.3
-17.3
-4.1
-579.1
-18.0
-119.2
-566.9
-10.0
-40.5
-77.6
-48.7
-3.6
-35.8
-52.5
-8.1
-59.7
-29.4
-56.8
-31.4
-184.9
-54.2
-40.0
-416.7
-2.0
-0.5
-50.3
-32.6
-18.1
-66.0
-10.0
-10.0
-160.5
-38.9
-63.9
-32.2
-15.3
-30.2
-60.4
-148.5
-24.4
-10.7
-23.3
-10.0
-17.0
-446.0
-35.1
-10.0
-9.0
-600.0
-37.1
-19.3
-31.8
-27.9
-587.5
-42.7
-24.6
-28.3
-49.3
-17.6
-40.4
-474.7
-565.4
-18.8
-27.3
-38.1
-17.2
-19.1
-21.5
-39.7
-48.7
-20.0
-604.5
-10.0
-370.5
-10.0
-10.0
-56.2
-10.0
-10.0
-8.5
-142.0
-37.5
-68.5
-25.2
-186.1
-29.1
-9.9
-42.0
-48.4
-10.0
-17.7
-60.7
-45.3
-61.8
-16.0
-27.4
-33.9
-124.1
-10.0
-574.9
-30.0
-102.7
-37.6
-106.1
-21.5
-10.0
-9.2
-30.3
-31.0
-31.5
-35.0
-13.2
-22.0
-30.4
-29.0
-143.2
-666.5
-10.0
-572.4
-565.7
-10.0
-10.0
-592.0
-32.1
-43.3
-10.0
-37.4
-24.7
-49.3
-43.9
-19.9
-35.2
-23.4
-32.1
-41.1
-40.6
-10.0
-16.5
-190.1
-15.5
-29.3
-58.5
-49.2
-14.3
-11.1
-15.8
-30.7
-156.0
-47.1
-19.5
-49.6
-32.6
-54.5
-12.4
-43.2
-10.0
-10.0
-41.7
-10.0
-521.9
-37.8
-38.7
-27.4
-3.5
-53.5
-10.0
-10.0
-35.5
-0.1
-31.4
-30.3
-34.2
-30.3
-20.9
-14.6
-13.7
-23.0
-134.1
-6.3
-13.4
-28.9
-10.0
-33.3
-15.8
-45.1
-17.4
-26.6
-11.8
-17.7
-23.9
-21.4
-30.8
-192.1
-435.6
-14.1
-18.2
-11.7
-158.9
-20.6
-31.7
-14.8
-10.0
-10.0
-36.2
-13.5
-24.4
-10.0
-21.1
-15.7
-33.7
-72.1
-13.0
-25.9
-14.3
-10.3
-24.7
-43.6
-24.8
-15.4
-408.5
-10.0
-538.5
-47.0
-16.0
-10.0
-40.6
-50.4
-10.0
-530.2
-27.0
-45.3
-38.9
-15.4
-13.8
-13.5
-385.8
-12.6
-31.1
-32.8
-282.4
-46.4
-10.0
-4.9
-10.0
-10.0
-15.0
-138.9
-10.0
-35.0
-10.0
-210.0
-10.0
-10.0
-28.6
-612.9
-24.7
-31.1
-34.1
-534.3
-622.9
-33.1
-10.0
-13.6
-16.4
-19.1
-56.4
-25.0
-17.2
-163.0
-16.8
-48.9
-10.0
-237.4
-10.0
-57.0
-27.0
-35.5
-15.3
-25.0
-84.2
-36.8
-599.6
-43.4
-26.6
-23.3
-403.6
-17.2
-35.7
-10.0
-23.8
-599.1
-33.4
-43.5
-39.2
-10.0
-10.0
-22.8
-261.7
-10.0
-10.0
-58.4
-32.6
-5.5
-10.0
-14.1
-79.8
-584.1
-64.3
-10.0
-53.3
-14.0
-29.6
-10.0
-193.0
-10.0
-10.0
-7.8
-86.3
-517.4
-23.0
-25.5
-44.6
-33.8
-12.5
-33.0
-223.9
-223.8
-6.7
-14.4
-10.0
-35.5
-10.0
-507.4
-19.3
-222.0
-35.2
-15.8
-31.1
-36.6
-40.5
-27.4
-38.4
-643.7
-36.8
-24.5
-41.3
-48.3
-10.0
-25.2
-10.7
-10.0
-171.5
-41.8
-33.0
-629.2
-87.8
-42.2
-10.0
-10.0
-145.8
-152.6
-40.7
-28.5
-15.5
-161.7
-55.2
-9.0
-14.2
-37.0
-10.0
-12.2
-62.3
-247.6
-19.1
-37.5
-97.9
-32.3
-28.7
-5.1
-43.3
-15.4
-10.0
-33.0
-10.0
-178.9
-383.4
-118.1
-54.3
-30.1
-10.0
-35.5
-43.0
-15.5
-19.0
-163.9
-123.3
-14.8
-10.0
-5.3
-62.1
-200.4
-42.7
-254.7
-17.7
-35.0
-43.8
-28.3
-27.4
-12.1
-15.4
-19.7
-13.5
-13.9
-7.9
-52.7
-19.9
-21.2
-40.2
-46.5
-544.4
-31.2
-32.5
-32.5
-35.8
-129.1
-31.9
-31.2
-29.5
-30.0
-13.8
-30.2
-12.3
-102.2
-84.3
-10.0
-27.8
-29.1
-402.7
-54.2
-96.7
-125.0
-93.8
-10.0
-12.6
-50.3
-293.6
-25.7
-37.2
-10.0
-435.6
-23.7
-10.0
-10.0
-8.7
-145.5
-519.4
-10.0
-9.1
-35.8
-10.0
-19.9
-531.3
-10.0
-58.5
-6.4
-10.0
-14.2
-37.8
-25.2
-114.6
-44.5
-22.4
-18.6
-35.2
-13.8
-16.6
-37.9
-10.0
-10.5
-10.0
-27.9
-205.5
-7.1
-23.3
-13.8
-35.9
-14.4
-75.9
-23.6
-17.6
-44.8
-26.7
-32.1
-49.7
-109.1
-29.5
-13.1
-55.5
-30.8
-17.5
-169.2
-203.2
-58.1
-69.1
-126.9
-27.6
-10.0
-79.3
-35.4
-13.6
-17.1
-23.7
-10.0
-10.4
-21.3
-59.3
-48.6
-33.4
-10.0
-10.0
-34.5
-10.0
-10.0
-74.4
-78.6
-203.9
-78.1
-36.4
-59.0
-30.4
-16.1
-91.9
-10.0
-10.0
-12.1
-48.0
-10.0
-12.0
-10.0
-76.7
-18.0
-46.0
-53.9
-49.1
-111.9
-29.8
-49.3
-91.6
-16.9
-10.0
-26.4
-42.7
-10.0
-10.0
-30.0
-10.0
-317.6
-3.2
-10.0
-26.0
-15.1
-25.6
-194.9
-23.6
-28.1
-10.0
-40.4
-32.6
-3.6
-21.1
-30.9
-52.4
-39.7
-559.7
-29.9
-33.0
-39.0
-12.6
-84.8
-38.9
-10.0
-100.0
-35.5
-17.7
-10.0
-21.8
-42.8
-28.2
-1.5
-10.0
-10.0
-22.7
-31.4
-29.0
-20.0
-13.0
-36.9
-10.0
-45.1
-427.1
-118.8
-37.8
-10.0
-123.1
-34.7
-73.4
-128.6
-17.0
-10.0
-28.6
-42.9
-30.6
-31.9
-9.1
-25.1
-32.8
-26.3
-10.0
-12.9
-10.0
-15.4
-22.5
-30.5
-14.7
-62.8
-24.7
-64.3
-32.1
-46.6
-116.1
-37.9
-10.0
-29.5
-26.1
-29.7
-66.9
-586.1
-25.0
-27.3
-79.1
-26.7
-27.3
-31.1
-37.5
-30.0
-24.5
-48.1
-13.2
-10.0
-567.1
-576.6
-29.2
-9.0
-596.1
-31.3
-55.1
-197.4
-10.0
-30.8
-491.3
-71.2
-10.0
-9.4
-51.8
-8.3
-1.9
-88.2
-18.9
-2.9
-47.3
-34.5
-5.7
-10.8
-10.8
-51.7
-197.6
-10.0
-10.0
-29.8
-555.1
-29.4
-63.9
-106.8
-23.3
-30.7
-10.0
-33.0
-45.3
-10.0
-7.9
-371.8
-18.0
-13.0
-45.1
-13.9
-47.8
-30.2
-37.9
-56.3
-106.6
-10.0
-17.1
-35.9
-31.4
-17.1
-56.2
-28.9
-33.0
-22.9
-17.3
-48.0
-214.9
-62.0
-10.0
-31.2
-540.4
-19.5
-148.0
-44.8
-23.6
-155.1
-33.0
-56.9
-164.0
-114.2
-24.0
-27.6
-10.0
-10.0
-30.9
-10.0
-29.2
-19.2
-10.0
-26.3
-34.0
-15.3
-39.7
-33.0
-15.8
-30.7
-24.7
-20.0
-23.7
-151.2
-23.0
-22.0
-4.3
-10.0
-43.1
-40.0
-42.4
-44.4
-3.3
-36.3
-29.3
-18.1
-40.2
-178.0
-33.0
-12.5
-12.7
-577.6
-50.3
-10.0
-44.9
-51.7
-11.9
-58.7
-26.5
-33.0
-21.9
-10.0
-42.4
-12.5
-16.3
-121.4
-53.3
-19.3
-43.8
-18.5
-23.4
-10.0
-38.0
-6.9
-24.4
-49.9
-46.5
-12.4
-45.6
-24.0
-43.6
-23.2
-22.6
-14.1
-23.3
-48.9
-51.0
-27.0
-24.5
-30.0
-23.8
-41.7
-262.6
-52.5
-23.8
-9.3
-9.9
-24.9
-25.3
-48.9
-13.9
-30.2
-32.2
-24.6
-26.9
-26.4
-27.4
-31.9
-124.2
-29.2
-30.0
-32.6
-18.0
-20.5
-26.8
-13.6
-26.9
-30.0
-16.7
-31.7
-26.1
-614.2
-10.0
-10.0
-38.1
-215.4
-33.0
-564.1
-595.8
-27.7
-10.0
-18.0
-16.1
-592.2
-9.4
-20.7
-62.5
-32.5
-142.2
-52.2
-439.7
-36.1
-168.5
-48.2
-7.8
-12.4
-11.0
-42.8
-38.8
-10.0
-17.7
-61.7
-9.0
-15.0
-5.1
-549.9
-7.6
-21.2
-238.3
-39.6
-24.5
-621.3
-592.2
-24.6
-45.7
-15.0
-24.6
-567.5
-15.1
-10.0
-33.0
-561.1
-23.1
-29.5
-40.7
-41.4
-40.8
-33.0
-25.3
-58.9
-40.1
-11.3
-17.6
-38.7
-465.4
-206.8
-120.1
-62.2
-32.1
-18.0
-13.2
-41.2
-1.7
-98.5
-19.9
-1.5
-10.0
-4.0
-10.0
-18.3
-81.4
-13.9
-16.8
-26.0
-23.0
-18.2
-14.3
-8.5
-36.5
-59.8
-39.2
-99.8
-114.0
-15.8
-6.5
-22.7
-10.0
-58.1
-25.7
-95.0
-121.2
-38.0
-32.7
-133.9
-17.6
-66.8
-7.7
-10.0
-18.3
-28.0
-87.7
-41.1
-27.3
-8.8
-10.0
-40.7
-2.2
-10.0
-16.9
-10.0
-29.2
-116.5
-10.0
-12.3
-84.4
-108.9
-33.6
-0.1
-11.7
-35.6
-25.4
-26.6
-10.0
-30.4
-12.9
-15.0
-20.1
-22.1
-16.6
-15.2
-10.0
-33.0
-10.0
-11.3
-27.1
-1.2
-10.0
-18.7
-13.7
-15.3
-33.0
-15.8
-10.0
-10.0
-35.7
-41.0
-15.0
-10.0
-17.4
-17.8
-6.5
-30.6
-8.7
-61.5
-185.0
-205.7
-7.4
-53.0
-206.5
-22.0
-99.8
-8.0
-15.0
-38.2
-55.6
-10.0
-42.8
-10.0
-10.0
-10.0
-10.0
-46.1
-8.2
-33.0
-30.9
-19.3
-581.9
-36.6
-33.0
-29.5
-39.4
-25.5
-10.0
-64.4
-10.0
-9.4
-560.0
-12.9
-8.1
-10.0
-10.0
-10.0
-123.2
-15.7
-10.0
-46.1
-405.5
-10.0
-10.0
-62.7
-10.0
-96.7
-9.0
-10.0
-20.0
-72.7
-231.7
-143.0
-9.9
-115.4
-36.5
-7.7
-33.0
-567.0
-120.7
-61.2
-187.4
-53.6
-10.0
-115.4
-10.0
-576.9
-85.3
-79.5
-28.3
-536.8
-42.7
-11.9
-10.0
-35.3
-34.9
-17.0
-10.0
-82.1
-10.0
-10.0
-26.2
-30.9
-24.1
-33.0
-33.0
-53.6
-19.1
-39.6
-28.7
-6.0
-10.0
-23.1
-10.0
-10.0
-16.7
-267.2
-26.3
-571.0
-42.0
-228.6
-12.1
-63.0
-123.7
-17.0
-31.7
-53.2
-13.1
-68.8
-5.1
-10.0
-4.1
-10.0
-10.0
-4.3
-88.1
-20.5
-13.1
-23.3
-10.0
-163.3
-158.3
-544.2
-57.3
-34.1
-17.0
-33.7
-25.6
-30.0
-10.0
-10.5
-10.0
-57.3
-143.4
-26.8
-49.9
-33.0
-30.7
-57.3
-10.0
-231.1
-46.3
-10.0
-168.5
-8.0
-22.2
-49.0
-17.4
-38.2
-20.9
-25.6
-5.0
-9.0
-69.4
-37.0
-10.0
-239.5
-7.5
-20.1
-72.1
-10.0
-10.0
-14.7
-290.9
-58.6
-12.0
-74.8
-207.4
-244.1
-41.5
-18.4
-40.8
-21.8
-8.2
-10.0
-586.6
-33.7
-16.0
-66.9
-37.3
-60.3
-615.1
-10.0
-65.1
-10.0
-10.0
-14.1
-4.1
-41.7
-55.4
-42.8
-8.9
-15.3
-215.3
-51.3
-10.0
-76.6
-10.0
-47.9
-33.0
-16.6
-17.7
-60.1
-10.0
-13.7
-15.0
-15.0
-3.6
-16.7
-28.3
-29.4
-551.9
-33.5
-362.7
-33.0
-10.0
-38.9
-222.2
-10.0
-17.4
-15.5
-39.2
-56.5
-25.7
-129.6
-10.0
-70.7
-29.6
-38.3
-2.4
-10.0
-10.0
-34.2
-2.4
-57.4
-34.3
-661.8
-366.0
-5.3
-53.3
-392.0
-21.4
-55.8
-28.9
-45.5
-0.9
-9.4
-2.6
-25.3
-15.5
-10.0
-17.0
-13.7
-27.3
-33.0
-12.5
-40.3
-8.7
-18.8
-29.4
-35.5
-75.4
-18.9
-10.0
-10.6
-10.0
-15.0
-10.0
-89.3
-548.5
-15.0
-10.8
-6.4
-22.6
-33.4
-10.8
-13.7
-10.0
-10.0
-28.0
-10.0
-10.0
-39.0
-52.6
-381.4
-27.2
-37.2
-27.6
-26.8
-11.5
-9.9
-31.3
-33.0
-10.0
-19.6
-2.1
-10.0
-184.4
-63.0
-159.9
-43.5
-99.6
-46.3
-5.6
-485.2
-47.9
-48.5
-27.1
-57.6
-38.6
-4.0
-49.8
-2.6
-10.0
-381.8
-10.0
-21.9
-49.1
-108.9
-30.4
-14.4
-9.1
-10.0
-123.7
-35.4
-119.7
-28.2
-33.0
-53.2
-10.0
-10.2
-23.0
-30.2
-10.0
-10.0
-74.8
-167.2
-63.5
-0.5
-9.0
-33.0
-33.0
-543.4
-25.2
-45.6
-10.0
-140.8
-51.0
-44.9
-150.2
-4.4
-552.3
-29.7
-584.4
-48.0
-28.0
-51.6
-25.0
-24.4
-26.1
-45.2
-10.0
-28.9
-30.7
-547.9
-17.7
-35.5
-10.1
-15.0
-32.7
-10.0
-48.6
-33.0
-41.1
-45.3
-45.7
-10.0
-4.0
-16.0
-12.2
-28.5
-31.8
-33.0
-10.0
-112.4
-28.0
-10.0
-10.0
-4.5
-28.5
-67.1
-126.1
-18.3
-52.4
-27.9
-10.0
-95.7
-51.4
-10.0
-5.6
-38.8
-67.0
-49.5
-30.3
-57.3
-25.2
-10.0
-10.0
-131.6
-21.9
-18.3
-10.0
-6.6
-19.0
-467.3
-47.7
-55.8
-136.2
-43.9
-39.6
-434.2
-10.0
-10.0
-73.4
-31.7
-32.8
-17.0
-99.5
-6.8
-25.9
-29.0
-80.8
-568.0
-10.0
-12.0
-100.3
-10.0
-9.0
-45.0
-10.0
-9.0
-168.3
-17.2
-10.0
-4.2
-34.1
-10.0
-10.0
-345.0
-467.5
-211.2
-2.6
-33.0
-226.2
-13.8
-37.8
-71.7
-10.0
-30.3
-33.0
-12.2
-10.0
-196.6
-62.7
-10.0
-10.0
-33.0
-142.1
-12.9
-20.0
-45.6
-14.3
-19.7
-67.0
-24.4
-8.7
-23.0
-92.7
-17.1
-3.4
-3.2
-33.0
-31.3
-10.0
-42.5
-617.1
-33.0
-10.0
-9.2
-10.0
-40.7
-0.7
-170.2
-42.9
-572.0
-30.9
-0.5
-182.1
-28.3
-34.2
-396.6
-10.0
-6.6
-45.5
-184.4
-44.0
-23.2
-7.4
-13.9
-117.4
-10.0
-33.0
-34.7
-4.7
-10.0
-6.1
-104.8
-73.7
-478.7
-586.9
-42.4
-13.9
-71.2
-32.9
-33.0
-17.2
-2.4
-13.4
-10.0
-548.3
-81.1
-37.1
-38.0
-20.3
-33.3
-41.6
-10.0
-33.0
-28.6
-61.6
-126.5
-34.5
-12.2
-33.9
-57.3
-32.8
-577.8
-10.0
-57.3
-33.0
-554.3
-83.6
-37.6
-41.2
-23.0
-43.3
-46.9
-10.0
-10.0
-10.0
-15.0
-10.0
-25.6
-0.1
-10.0
-39.3
-11.3
-38.5
-44.7
-30.0
-175.7
-498.2
-57.2
-10.0
-32.9
-32.0
-44.4
-7.9
-112.1
-33.0
-42.5
-35.3
-33.0
-29.6
-46.3
-26.9
-30.8
-45.8
-38.5
-33.0
-34.0
-33.0
-32.4
-10.0
-40.6
-37.5
-271.6
-31.6
-10.0
-10.3
-33.0
-1.3
-35.9
-144.1
-106.7
-53.5
-10.0
-33.0
-24.5
-48.9
-33.0
-50.5
-10.0
-35.5
-26.2
-29.1
-222.4
-33.0
-42.5
-218.9
-14.5
-10.0
-3.0
-10.0
-10.0
-45.4
-15.0
-596.2
-24.0
-49.2
-20.5
-33.0
-10.0
-58.6
-59.7
-10.0
-10.0
-211.4
-6.3
-10.0
-10.0
-18.6
-29.8
-45.7
-27.4
-62.2
-79.9
-557.3
-43.4
-27.9
-481.8
-19.0
-17.0
-10.0
-28.3
-70.7
-67.5
-10.0
-36.8
-148.0
-20.3
-34.0
-10.0
-69.3
-32.0
-110.2
-2.8
-34.6
-390.4
-10.0
-16.8
-634.6
-29.2
-569.0
-1.5
-33.0
-603.8
-33.0
-60.4
-10.0
-32.0
-511.8
-33.0
-115.4
-22.0
-52.1
-5.6
-20.6
-8.3
-531.4
-10.0
-53.2
-566.0
-30.0
-18.7
-50.4
-50.6
-32.5
-69.9
-3.2
-10.0
-39.2
-31.4
-7.5
-13.0
-483.9
-456.4
-36.8
-10.0
-28.0
-551.9
-31.8
-127.4
-118.8
-544.2
-33.0
-10.0
-33.8
-72.9
-45.8
-604.9
-10.8
-33.0
-57.2
-10.0
-25.7
-31.0
-0.7
-268.8
-10.0
-6.4
-33.0
-39.6
-81.8
-63.6
-19.2
-34.7
-359.3
-19.7
-10.0
-555.4
-49.8
-33.0
-23.6
-53.4
-10.0
-28.2
-610.9
-0.6
-123.3
-58.2
-8.8
-31.1
-516.4
-24.3
-15.0
-42.6
-23.3
-24.8
-10.0
-10.0
-250.1
-19.1
-10.0
-628.4
-325.8
-10.0
-10.0
-10.0
-18.9
-10.0
-111.3
-20.0
-10.0
-10.0
-10.0
-10.0
-11.2
-10.0
-10.0
-104.6
-8.6
-10.0
-10.0
-10.0
-5.0
-33.0
-10.0
-10.0
-33.7
-10.0
-10.0
-574.3
-34.4
-21.0
-10.0
-10.0
-13.0
-623.2
-10.0
-508.5
-179.4
-9.6
-33.0
-1.0
-19.1
-10.0
-23.3
-36.8
-31.3
-33.0
-46.9
-33.0
-38.3
-154.4
-5.0
-649.9
-587.7
-36.7
-54.5
-10.0
-33.0
-10.0
-33.0
-112.0
-20.5
-350.5
-10.0
-19.9
-10.0
-176.3
-10.0
-10.0
-10.0
-57.5
-10.0
-26.8
-425.4
-10.0
-15.0
-21.1
-81.7
-575.7
-33.0
-28.8
-24.8
-10.0
-35.2
-145.5
-33.0
-10.0
-33.0
-10.0
-33.4
-33.0
-20.6
-10.0
-626.5
-33.0
-66.0
-568.0
-203.1
-33.0
-10.0
-10.0
-10.0
-290.3
-33.0
-32.9
-52.9
-54.5
-10.0
-10.0
-220.3
-571.2
-47.1
-34.6
-10.0
-10.0
-43.4
-10.0
-10.0
-33.0
-31.6
-81.5
-64.1
-134.5
-38.5
-64.5
-34.2
-10.0
-10.0
-506.9
-18.6
-165.3
-0.0
-25.0
-96.8
-33.0
-61.6
-62.8
-10.0
-106.7
-148.1
-10.0
-150.0
-10.0
-10.0
-8.5
-0.0
-10.0
-27.5
-41.9
-40.0
-56.1
-208.4
-58.3
-0.0
-29.5
-42.0
-0.0
-562.0
-10.0
-50.0
-10.0
-69.1
-33.0
-59.8
-10.0
-2.5
-47.4
-231.5
-22.9
-38.7
-36.9
-34.6
-11.1
-61.2
-10.0
-19.7
-77.6
-89.9
-37.0
-10.0
-28.8
-10.0
-33.4
-10.0
-33.0
-77.8
-10.0
-72.7
-20.0
-33.0
-10.0
-0.0
-10.0
-33.0
-33.0
-10.0
-126.0
-0.0
-0.0
-7.7
-166.3
-0.0
-46.5
-37.7
-74.2
-10.0
-0.0
-97.0
-34.9
-62.0
-0.0
-10.0
-35.5
-13.6
-2.2
-116.1
-33.0
-10.0
-433.6
-33.0
-33.0
-208.9
-194.7
-10.0
-10.0
-58.2
-107.3
-167.4
-7.0
-0.0
-16.0
-33.0
-10.0
-10.0
-10.0
-0.0
-61.8
-134.8
-0.0
-52.8
-198.0
-65.6
-10.0
-44.3
-24.9
-22.1
-353.4
-660.2
-41.6
-100.6
-25.0
-52.7
-588.5
-10.0
-35.8
-34.0
-94.6
-124.6
-10.0
-10.0
-59.5
-79.5
-49.6
-33.0
-10.0
-33.0
-10.0
-40.6
-33.0
-35.2
-11.0
-23.3
-633.8
-33.8
-80.8
-40.8
-679.6
-620.5
-19.8
-31.5
-115.0
-8.8
-53.7
-653.0
-33.0
-10.0
-140.1
-10.0
-10.0
-33.0
-0.0
-158.2
-10.0
-172.6
-0.0
-12.0
-44.5
-73.3
-33.0
-41.2
-27.7
-10.0
-10.0
-10.0
-50.3
-0.0
-16.3
-35.1
-104.7
-26.1
-5.0
-102.1
-10.0
-10.0
-0.0
-33.0
-33.0
-122.6
-112.2
-0.0
-5.9
-10.0
-86.2
-22.6
-5.6
-35.1
-105.3
-33.0
-33.0
-33.0
-5.9
-11.0
-10.0
-10.0
-10.0
-11.0
-33.0
-17.7
-10.0
-18.1
-33.0
-551.6
-41.9
-0.0
-0.0
-172.7
-20.9
-10.0
-26.0
-187.1
-10.0
-597.8
-33.0
-53.9
-79.1
-33.0
-10.0
-41.2
-30.4
-44.9
-10.0
-77.5
-44.1
-61.8
-20.0
-520.8
-0.0
-25.0
-48.5
-0.0
-0.0
-10.9
-33.0
-277.1
-10.0
-48.3
-0.0
-0.0
-18.2
-33.8
-10.0
-61.8
-25.9
-634.9
-178.0
-56.5
-10.0
-10.0
-10.7
-145.0
-10.0
-1.4
-43.7
-10.0
-10.0
-62.2
-642.1
-60.2
-0.0
-610.6
-49.5
-33.0
-0.0
-10.0
-10.0
-9.1
-33.0
-10.0
-10.0
-13.1
-11.2
-0.0
-10.0
-44.4
-49.2
-10.0
-8.2
-36.6
-33.0
-33.0
-33.5
-27.0
-587.6
-57.2
-36.0
-33.0
-94.6
-114.1
-51.9
-38.1
-33.0
-115.5
-10.0
-33.0
-83.2
-38.8
-16.2
-51.4
-33.0
-29.4
-33.4
-517.2
-10.0
-134.1
-19.0
-162.9
-23.0
-33.0
-20.5
-598.5
-39.7
-210.1
-33.2
-10.0
-10.0
-10.0
-33.0
-10.0
-71.3
-21.0
-26.0
-19.4
-33.0
-20.8
-178.7
-325.3
-33.0
-215.6
-53.1
-29.3
-97.0
-271.9
-33.0
-10.0
-10.0
-33.0
-38.0
-20.1
-2.2
-38.8
-88.5
-45.5
-38.1
-22.9
-145.0
-33.0
-88.6
-33.0
-10.0
-33.0
-39.0
-18.0
-34.4
-594.9
-37.3
-80.6
-32.0
-37.6
-10.0
-37.0
-107.3
-188.2
-35.7
-10.0
-0.0
-33.0
-48.5
-391.7
-131.3
-33.0
-557.4
-10.0
-33.0
-374.7
-33.0
-33.0
-129.7
-164.6
-0.0
-0.0
-46.3
-3.0
-15.5
-10.0
-33.0
-10.0
-10.0
-46.5
-54.6
-29.0
-340.6
-10.0
-83.1
-44.3
-43.7
-39.2
-10.4
-119.8
-20.2
-10.0
-10.0
-17.0
-18.0
-12.0
-10.0
-34.6
-33.0
-30.3
-10.0
-23.3
-36.5
-33.0
-7.0
-10.0
-54.1
-38.5
-33.0
-10.0
-33.5
-68.8
-33.0
-6.5
-10.0
-66.1
-52.0
-43.0
-70.4
-33.0
-79.6
-116.0
-71.7
-52.7
-33.0
-135.4
-14.9
-33.0
-57.1
-230.7
-10.0
-90.1
-10.0
-38.9
-92.2
-10.0
-18.2
-10.0
-56.0
-82.9
-41.0
-33.6
-50.9
-67.5
-10.0
-389.6
-186.2
-10.0
-33.2
-114.0
-51.1
-53.0
-55.6
-53.0
-33.0
-29.6
-36.0
-41.3
-10.0
-10.0
-20.0
-15.1
-208.6
-526.6
-162.0
-10.0
-33.0
-146.8
-36.4
-33.9
-7.6
-53.7
-40.0
-34.0
-432.1
-76.7
-33.0
-54.4
-36.6
-51.7
-33.0
-10.0
-126.6
-19.8
-16.0
-54.2
-96.3
-10.0
-62.1
-10.0
-15.5
-13.6
-54.5
-36.9
-70.4
-10.0
-63.3
-76.6
-64.1
-10.0
-52.4
-28.0
-74.7
-41.8
-60.1
-10.0
-58.9
-76.1
-93.5
-82.9
-14.7
-17.5
-35.6
-10.0
-33.0
-112.5
-33.9
-100.0
-27.7
-45.1
-76.0
-10.0
-54.9
-61.0
-52.4
-10.0
-76.9
-45.0
-33.0
-236.8
-33.0
-49.5
-33.0
-73.0
-10.0
-601.8
-13.4
-13.7
-46.4
-144.8
-33.0
-98.9
-33.0
-391.9
-96.4
-36.6
-68.7
-11.0
-35.8
-33.0
-598.9
-617.7
-24.8
-10.0
-33.0
-10.0
-10.0
-19.8
-10.0
-44.1
-139.5
-52.5
-10.0
-4.6
-38.2
-58.2
-49.2
-33.0
-39.7
-105.7
-43.6
-33.0
-58.8
-10.0
-6.8
-34.5
-132.9
-22.2
-51.0
-55.5
-69.2
-63.4
-10.0
-53.5
-37.5
-28.7
-39.1
-38.8
-33.0
-33.0
-39.0
-47.2
-41.8
-66.0
-80.9
-72.6
-42.7
-53.6
-60.8
-87.3
-34.0
-63.6
-31.3
-20.0
-44.0
-40.6
-34.2
-28.0
-34.0
-48.4
-160.7
-50.9
-39.2
-604.5
-28.4
-66.6
-117.8
-33.0
-10.0
-54.7
-74.6
-15.0
-17.0
-9.4
-91.0
-10.0
-20.0
-26.7
-35.4
-138.9
-12.2
-185.6
-144.5
-33.3
-33.0
-108.4
-33.8
-45.9
-10.0
-33.0
-84.8
-33.8
-62.8
-45.9
-10.0
-412.3
-10.0
-10.0
-10.0
-44.3
-10.0
-35.8
-151.0
-36.8
-104.9
-161.8
-10.0
-10.0
-10.0
-278.8
-182.2
-191.1
-127.7
-28.8
-118.0
-50.7
-508.9
-88.2
-44.2
-12.0
-33.0
-0.6
-86.7
-10.0
-8.8
-42.2
-113.3
-10.0
-19.3
-26.4
-26.8
-39.6
-20.5
-25.5
-18.7
-160.3
-67.8
-10.0
-123.3
-7.5
-33.6
-155.2
-10.0
-34.4
-237.9
-62.7
-35.9
-36.0
-12.0
-116.9
-10.0
-38.3
-40.2
-10.0
-33.0
-227.4
-10.0
-49.0
-343.9
-650.3
-550.6
-31.3
-590.7
-33.0
-46.5
-63.2
-92.6
-103.1
-33.0
-10.0
-10.0
-15.0
-66.4
-10.0
-52.9
-189.4
-63.3
-19.2
-69.9
-33.0
-38.7
-48.1
-349.6
-10.0
-10.0
-43.3
-67.4
-16.2
-29.8
-29.6
-666.1
-27.4
-416.9
-182.2
-13.0
-71.2
-10.0
-116.3
-46.7
-73.0
-166.1
-10.0
-75.0
-57.4
-65.6
-8.4
-62.5
-12.0
-1.6
-81.4
-22.0
-2.6
-10.0
-10.0
-9.5
-14.1
-61.8
-10.0
-66.2
-33.0
-30.1
-42.2
-51.0
-37.9
-114.3
-41.6
-24.3
-27.5
-18.1
-10.0
-227.7
-10.0
-10.0
-13.1
-214.1
-10.0
-42.2
-106.7
-352.7
-33.0
-10.0
-9.3
-48.0
-34.0
-16.9
-8.9
-258.0
-47.8
-9.3
-6.9
-516.6
-47.0
-65.3
-130.8
-10.0
-9.0
-130.9
-39.6
-10.0
-10.0
-224.0
-113.7
-12.4
-33.0
-116.2
-180.0
-631.2
-66.4
-10.0
-33.0
-35.6
-52.7
-35.6
-494.0
-490.8
-23.9
-37.9
-34.3
-57.2
-65.6
-20.2
-33.0
-78.2
-2.3
-26.6
-10.0
-49.3
-10.0
-41.1
-42.8
-21.6
-52.7
-61.3
-66.2
-10.0
-22.7
-10.0
-8.1
-33.0
-19.9
-44.5
-10.0
-10.0
-548.9
-10.0
-79.3
-40.1
-64.7
-77.3
-193.5
-370.2
-33.0
-503.4
-6.2
-42.6
-36.1
-17.0
-51.5
-12.3
-480.3
-44.1
-54.0
-51.9
-326.7
-127.8
-10.0
-10.0
-136.4
-15.6
-33.0
-10.0
-113.7
-604.6
-603.6
-351.4
-44.6
-182.3
-57.9
-10.0
-56.0
-547.0
-64.5
-65.2
-54.2
-201.2
-37.4
-10.0
-184.0
-33.0
-161.7
-213.7
-106.4
-558.9
-599.7
-33.0
-110.1
-33.0
-9.4
-185.7
-10.0
-91.5
-529.5
-10.0
-10.0
-8.0
-10.0
-10.0
-10.0
-10.0
-62.6
-33.0
-36.4
-10.0
-10.0
-33.0
-10.0
-34.9
-161.7
-651.1
-679.4
-25.8
-10.0
-500.9
-33.0
-75.1
-133.4
-42.2
-64.2
-125.1
-24.4
-96.6
-29.5
-20.6
-10.0
-58.6
-33.0
-555.8
-144.1
-501.5
-70.2
-210.0
-21.3
-72.4
-7.0
-89.4
-10.0
-184.7
-46.0
-69.4
-33.0
-10.0
-40.7
-47.2
-10.0
-10.0
-34.9
-10.0
-217.3
-34.8
-205.8
-37.6
-15.7
-52.7
-49.1
-34.8
-601.2
-90.4
-32.0
-38.4
-501.6
-476.3
-48.7
-24.5
-130.7
-61.5
-72.9
-2.7
-40.0
-19.0
-1.0
-21.2
-10.0
-5.6
-8.8
-3.3
-8.2
-566.1
-10.0
